a <- 11
b <- 22
c <- 33
a + b + c
a * b * c
a * b / c